mpirun -n 8 /dss/dsshome1/lxc0D/ra56kop/chameleon-scripts/cham_examples/mxm_api/build_with_cham_coolmuc/mxm_api 384 50 50 50 50 50 50 50 50
#R1: will create 50 tasks
#R6: will create 50 tasks
#R3: will create 50 tasks
#R2: will create 50 tasks
#R7: will create 50 tasks
#R5: will create 50 tasks
#R4: will create 50 tasks
#R0: using user-defined initial load distribution...
Mode: Normal Task Distribution
#R0: will create 50 tasks
Rank0: task sizes=384 384 384 384 384 384 384 384 384 384 384 384 384 384 384 384 384 384 384 384 384 384 384 384 384 384 384 384 384 384 384 384 384 384 384 384 384 384 384 384 384 384 384 384 384 384 384 384 384 384 
Rank6: task sizes=384 384 384 384 384 384 384 384 384 384 384 384 384 384 384 384 384 384 384 384 384 384 384 384 384 384 384 384 384 384 384 384 384 384 384 384 384 384 384 384 384 384 384 384 384 384 384 384 384 384 
Rank4: task sizes=384 384 384 384 384 384 384 384 384 384 384 384 384 384 384 384 384 384 384 384 384 384 384 384 384 384 384 384 384 384 384 384 384 384 384 384 384 384 384 384 384 384 384 384 384 384 384 384 384 384 
Rank2: task sizes=384 384 384 384 384 384 384 384 384 384 384 384 384 384 384 384 384 384 384 384 384 384 384 384 384 384 384 384 384 384 384 384 384 384 384 384 384 384 384 384 384 384 384 384 384 384 384 384 384 384 
Rank3: task sizes=384 384 384 384 384 384 384 384 384 384 384 384 384 384 384 384 384 384 384 384 384 384 384 384 384 384 384 384 384 384 384 384 384 384 384 384 384 384 384 384 384 384 384 384 384 384 384 384 384 384 
Rank7: task sizes=384 384 384 384 384 384 384 384 384 384 384 384 384 384 384 384 384 384 384 384 384 384 384 384 384 384 384 384 384 384 384 384 384 384 384 384 384 384 384 384 384 384 384 384 384 384 384 384 384 384 
Rank5: task sizes=384 384 384 384 384 384 384 384 384 384 384 384 384 384 384 384 384 384 384 384 384 384 384 384 384 384 384 384 384 384 384 384 384 384 384 384 384 384 384 384 384 384 384 384 384 384 384 384 384 384 
Rank1: task sizes=384 384 384 384 384 384 384 384 384 384 384 384 384 384 384 384 384 384 384 384 384 384 384 384 384 384 384 384 384 384 384 384 384 384 384 384 384 384 384 384 384 384 384 384 384 384 384 384 384 384 
#R0: Computations with chameleon took 0.97841
#R0: Validation:
#R1: Validation:
#R6: Validation:
#R3: Validation:
#R7: Validation:
#R4: Validation:
#R5: Validation:
#R2: Validation:
#R5: TEST SUCCESS
#R6: TEST SUCCESS
#R1: TEST SUCCESS
#R4: TEST SUCCESS
#R7: TEST SUCCESS
#R2: TEST SUCCESS
#R0: TEST SUCCESS
#R3: TEST SUCCESS
#R0: Computations with normal tasking took 0.95272
#R0: Validation:
#R6: Validation:
#R4: Validation:
#R2: Validation:
#R3: Validation:
#R1: Validation:
#R7: Validation:
#R5: Validation:
#R1: TEST SUCCESS
#R4: TEST SUCCESS
#R5: TEST SUCCESS
#R2: TEST SUCCESS
#R7: TEST SUCCESS
#R6: TEST SUCCESS
#R0: TEST SUCCESS
#R0: This corresponds to a speedup of 0.97375!
#R3: TEST SUCCESS
