mpirun -n 8 /dss/dsshome1/lxc0D/ra56kop/chameleon-scripts/cham_examples/mxm_api/build_with_cham_coolmuc/mxm_api uniform-imb 100 128 128 192 192 256 384 448 512
#R0: using user-defined initial load for uniform-imb...
#R0: will create 100 tasks
#R7: will create 100 tasks
#R6: will create 100 tasks
#R3: will create 100 tasks
#R2: will create 100 tasks
#R1: will create 100 tasks
#R5: will create 100 tasks
#R4: will create 100 tasks
Rank0: task sizes=128 128 128 128 128 128 128 128 128 128 128 128 128 128 128 128 128 128 128 128 128 128 128 128 128 128 128 128 128 128 128 128 128 128 128 128 128 128 128 128 128 128 128 128 128 128 128 128 128 128 128 128 128 128 128 128 128 128 128 128 128 128 128 128 128 128 128 128 128 128 128 128 128 128 128 128 128 128 128 128 128 128 128 128 128 128 128 128 128 128 128 128 128 128 128 128 128 128 128 128 
Rank4: task sizes=256 256 256 256 256 256 256 256 256 256 256 256 256 256 256 256 256 256 256 256 256 256 256 256 256 256 256 256 256 256 256 256 256 256 256 256 256 256 256 256 256 256 256 256 256 256 256 256 256 256 256 256 256 256 256 256 256 256 256 256 256 256 256 256 256 256 256 256 256 256 256 256 256 256 256 256 256 256 256 256 256 256 256 256 256 256 256 256 256 256 256 256 256 256 256 256 256 256 256 256 
Rank2: task sizes=192 192 192 192 192 192 192 192 192 192 192 192 192 192 192 192 192 192 192 192 192 192 192 192 192 192 192 192 192 192 192 192 192 192 192 192 192 192 192 192 192 192 192 192 192 192 192 192 192 192 192 192 192 192 192 192 192 192 192 192 192 192 192 192 192 192 192 192 192 192 192 192 192 192 192 192 192 192 192 192 192 192 192 192 192 192 192 192 192 192 192 192 192 192 192 192 192 192 192 192 
Rank6: task sizes=448 448 448 448 448 448 448 448 448 448 448 448 448 448 448 448 448 448 448 448 448 448 448 448 448 448 448 448 448 448 448 448 448 448 448 448 448 448 448 448 448 448 448 448 448 448 448 448 448 448 448 448 448 448 448 448 448 448 448 448 448 448 448 448 448 448 448 448 448 448 448 448 448 448 448 448 448 448 448 448 448 448 448 448 448 448 448 448 448 448 448 448 448 448 448 448 448 448 448 448 
Rank3: task sizes=192 192 192 192 192 192 192 192 192 192 192 192 192 192 192 192 192 192 192 192 192 192 192 192 192 192 192 192 192 192 192 192 192 192 192 192 192 192 192 192 192 192 192 192 192 192 192 192 192 192 192 192 192 192 192 192 192 192 192 192 192 192 192 192 192 192 192 192 192 192 192 192 192 192 192 192 192 192 192 192 192 192 192 192 192 192 192 192 192 192 192 192 192 192 192 192 192 192 192 192 
Rank7: task sizes=512 512 512 512 512 512 512 512 512 512 512 512 512 512 512 512 512 512 512 512 512 512 512 512 512 512 512 512 512 512 512 512 512 512 512 512 512 512 512 512 512 512 512 512 512 512 512 512 512 512 512 512 512 512 512 512 512 512 512 512 512 512 512 512 512 512 512 512 512 512 512 512 512 512 512 512 512 512 512 512 512 512 512 512 512 512 512 512 512 512 512 512 512 512 512 512 512 512 512 512 
Rank1: task sizes=128 128 128 128 128 128 128 128 128 128 128 128 128 128 128 128 128 128 128 128 128 128 128 128 128 128 128 128 128 128 128 128 128 128 128 128 128 128 128 128 128 128 128 128 128 128 128 128 128 128 128 128 128 128 128 128 128 128 128 128 128 128 128 128 128 128 128 128 128 128 128 128 128 128 128 128 128 128 128 128 128 128 128 128 128 128 128 128 128 128 128 128 128 128 128 128 128 128 128 128 
Rank5: task sizes=384 384 384 384 384 384 384 384 384 384 384 384 384 384 384 384 384 384 384 384 384 384 384 384 384 384 384 384 384 384 384 384 384 384 384 384 384 384 384 384 384 384 384 384 384 384 384 384 384 384 384 384 384 384 384 384 384 384 384 384 384 384 384 384 384 384 384 384 384 384 384 384 384 384 384 384 384 384 384 384 384 384 384 384 384 384 384 384 384 384 384 384 384 384 384 384 384 384 384 384 
#R0: Computations with chameleon took 4.16820
#R0: Validation:
#R4: Validation:
#R1: Validation:
#R6: Validation:
#R5: Validation:
#R7: Validation:
#R3: Validation:
#R2: Validation:
#R2: TEST SUCCESS
#R0: TEST SUCCESS
#R3: TEST SUCCESS
#R1: TEST SUCCESS
#R4: TEST SUCCESS
#R5: TEST SUCCESS
#R6: TEST SUCCESS
#R7: TEST SUCCESS
#R0: Computations with normal tasking took 3.99570
#R0: Validation:
#R4: Validation:
#R7: Validation:
#R3: Validation:
#R2: Validation:
#R1: Validation:
#R6: Validation:
#R5: Validation:
#R1: TEST SUCCESS
#R0: TEST SUCCESS
#R0: This corresponds to a speedup of 0.95861!
#R2: TEST SUCCESS
#R3: TEST SUCCESS
#R4: TEST SUCCESS
#R5: TEST SUCCESS
#R7: TEST SUCCESS
#R6: TEST SUCCESS
