mpirun -n 4 /dss/dsshome1/lxc0D/ra56kop/chameleon-scripts/cham_examples/mxm_api/build_with_cham_coolmuc/mxm_api uniform-imb 100 128 128 256 512
#R3: will create 100 tasks
#R0: using user-defined initial load for uniform-imb...
#R0: will create 100 tasks
#R2: will create 100 tasks
#R1: will create 100 tasks
Rank0: task sizes=128 128 128 128 128 128 128 128 128 128 128 128 128 128 128 128 128 128 128 128 128 128 128 128 128 128 128 128 128 128 128 128 128 128 128 128 128 128 128 128 128 128 128 128 128 128 128 128 128 128 128 128 128 128 128 128 128 128 128 128 128 128 128 128 128 128 128 128 128 128 128 128 128 128 128 128 128 128 128 128 128 128 128 128 128 128 128 128 128 128 128 128 128 128 128 128 128 128 128 128 
Rank1: task sizes=128 128 128 128 128 128 128 128 128 128 128 128 128 128 128 128 128 128 128 128 128 128 128 128 128 128 128 128 128 128 128 128 128 128 128 128 128 128 128 128 128 128 128 128 128 128 128 128 128 128 128 128 128 128 128 128 128 128 128 128 128 128 128 128 128 128 128 128 128 128 128 128 128 128 128 128 128 128 128 128 128 128 128 128 128 128 128 128 128 128 128 128 128 128 128 128 128 128 128 128 
Rank3: task sizes=512 512 512 512 512 512 512 512 512 512 512 512 512 512 512 512 512 512 512 512 512 512 512 512 512 512 512 512 512 512 512 512 512 512 512 512 512 512 512 512 512 512 512 512 512 512 512 512 512 512 512 512 512 512 512 512 512 512 512 512 512 512 512 512 512 512 512 512 512 512 512 512 512 512 512 512 512 512 512 512 512 512 512 512 512 512 512 512 512 512 512 512 512 512 512 512 512 512 512 512 
Rank2: task sizes=256 256 256 256 256 256 256 256 256 256 256 256 256 256 256 256 256 256 256 256 256 256 256 256 256 256 256 256 256 256 256 256 256 256 256 256 256 256 256 256 256 256 256 256 256 256 256 256 256 256 256 256 256 256 256 256 256 256 256 256 256 256 256 256 256 256 256 256 256 256 256 256 256 256 256 256 256 256 256 256 256 256 256 256 256 256 256 256 256 256 256 256 256 256 256 256 256 256 256 256 
#R0: Computations with chameleon took 4.16550
#R0: Validation:
#R2: Validation:
#R1: Validation:
#R3: Validation:
#R1: TEST SUCCESS
#R0: TEST SUCCESS
#R2: TEST SUCCESS
#R3: TEST SUCCESS
#R0: Computations with normal tasking took 4.02947
#R0: Validation:
#R1: Validation:
#R3: Validation:
#R2: Validation:
#R0: TEST SUCCESS
#R0: This corresponds to a speedup of 0.96734!
#R1: TEST SUCCESS
#R2: TEST SUCCESS
#R3: TEST SUCCESS
